7 directed weighted graphs; all are reachable from vertex 0.

** G1: |V| = 10
(u, v) E = { 
      ( 0,  1, 8)
      ( 0,  2, 6)
      ( 0,  3, 9)
      ( 1,  2, 3)
      ( 2,  3, 8)
      ( 2,  4, 4)
      ( 2,  5, 5)
      ( 3,  5, 4)
      ( 4,  1, 2)
      ( 4,  9, 9)
      ( 5,  8, 6)
      ( 6,  3, 2)  
      ( 7,  4, 5)
      ( 7,  9, 2)  
      ( 8,  6, 6)
      ( 8,  7, 8)
      ( 8,  9, 4) } 
---------------- 


** G2: |V| = 10
(u, v) E = { 
      ( 0,  1, 8)
      ( 0,  2, 6)
      ( 0,  3, 9)
      ( 1,  2, 3)
      ( 2,  3, 8)
      ( 2,  4, 4)
      ( 2,  5, 5)
      ( 3,  5, 4)
      ( 4,  1, 2)
      ( 4,  9, 9)
      ( 5,  8, 6)
      ( 6,  3, 9)  *
      ( 7,  4, 5)
      ( 7,  9, 2)  
      ( 8,  6, 6)
      ( 8,  7, 8)
      ( 8,  9, 4) } 
---------------- 

** G3: |V| = 10
(u, v) E = { 
      ( 0,  1, 8)
      ( 0,  2, 6)
      ( 0,  3, 9)
      ( 1,  2, 3)
      ( 2,  3, 8)
      ( 2,  4, 4)
      ( 2,  5, 5)
      ( 3,  5, 4)
      ( 4,  1, 2)
      ( 4,  9, 9)
      ( 5,  8, 6)
      ( 6,  3, 7)  *
      ( 7,  4, 5)
      ( 7,  9, 2)  
      ( 8,  6, 6)
      ( 8,  7, 8)
      ( 8,  9, 4) }
---------------- 


** G4: |V| = 10
(u, v) E = { 
      ( 0,  1, 8)
      ( 0,  2, 6)
      ( 0,  3, 9)
      ( 1,  2, 3)
      ( 2,  3, 8)
      ( 2,  4, 4)
      ( 2,  5, 5)
      ( 3,  5, 4)
      ( 4,  1, 2)
      ( 4,  7, 5) *
      ( 4,  9, 9)
      ( 5,  8, 6)
      ( 6,  3, 2)
      ( 7,  9, 2)  
      ( 8,  6, 6)
      ( 8,  7, 3) *
      ( 8,  9, 4) } 
---------------- 


** G5: |V| = 10
(u, v) E = { 
      ( 0,  1, 3)
      ( 0,  2, 6)
      ( 0,  3, 1)
      ( 1,  2, 3)
      ( 2,  3, 8)
      ( 2,  4, 5)
      ( 2,  5, 5)
      ( 3,  5, 4)
      ( 4,  1, 2)
      ( 4,  9, 9)
      ( 5,  8, 6)
      ( 6,  3, 2)
      ( 7,  4, 5)
      ( 7,  9, 2)  
      ( 8,  6, 6)
      ( 8,  7, 7)
      ( 8,  9, 4) } 
---------------- 


** G6: |V| = 7
(u, v) E = { 
      ( 0,  1, 8)
      ( 0,  2, 6)
      ( 0,  3, 9)
      ( 1,  2, 3)
      ( 2,  3, 8)
      ( 2,  4, 4)
      ( 2,  5, 5)
      ( 3,  5, 4)
      ( 4,  1, 2)
      ( 4,  5, 9)
      ( 5,  6, 1)
      ( 6,  3, 2) } 
---------------- 


** G7: |V| = 7
(u, v) E = { 
      ( 0,  1, 8)
      ( 0,  2, 6)
      ( 0,  3, 9)
      ( 1,  2, 3)
      ( 2,  3, 8)
      ( 2,  4, 4)
      ( 2,  5, 5)
      ( 5,  3, 4) *
      ( 4,  1, 2)
      ( 5,  4, 3) *
      ( 5,  6, 1)
      ( 6,  3, 2) } 
---------------- 


